# Fallback KOSPI universe: major large/mid caps by KRX code.
# Install pykrx for the full, up-to-date KOSPI listing.
005930
000660
373220
207940
005380
000270
005490
068270
035420
035720
051910
006400
012330
105560
055550
086790
316140
138040
323410
033780
017670
030200
015760
034730
096770
011200
009540
010130
010950
018260
000810
032830
259960
302440
326030
128940
069960
004020
011170
002790
003550
051900
090430
161390
271560
282330
097950
280360
008770
000100
003490
047810
012450
079550
064350
042660
010620
042670
267250
329180
005387
006405
005935
036460
015760
267260
241560
004370
139480
114090
000120
011780
011790
001040
002380
078930
000720
375500
383220
307950
298040
298050
010140
009150
009830
120110
093370
004990
000880
001450
000670
005250
185750
006280
069620
128940
128660
